.Random.seed <-
c(403L, 160L, 683019052L, -1934473815L, 1491937597L, 651990696L, 
675132004L, 119244811L, -2098939833L, 1672202336L, -1482880857L, 
1709733226L, -1101279875L, -1547773487L, -1312088153L, -1836338991L, 
-630991928L, 924739140L, 1190428349L, -2049679914L, -1258383639L, 
-1273196524L, 1065197705L, 1616580602L, -1810216217L, 895655475L, 
-1268604927L, -531467679L, -1838343536L, 793133394L, -1845868764L, 
-422538686L, 371267211L, 158880804L, 1370349694L, -713748071L, 
-738354105L, -1224643033L, -1142893217L, 2015527528L, 1035084340L, 
153647631L, 1948197782L, -1312723952L, -1864818407L, -1832876223L, 
-1216166057L, -362719937L, 752752662L, 592497090L, 2107935659L, 
315787927L, 1780386311L, 1269407572L, 2001336985L, 1177764822L, 
1559828777L, 1145594840L, -1586192511L, -1513808993L, 1397253725L, 
1283875990L, -157066908L, 914750511L, -77302218L, -644260502L, 
2004899626L, 1035047903L, -828475166L, -1199979337L, 566125307L, 
938353921L, 2142901959L, -1396942670L, -66212743L, -1092973554L, 
342825731L, -1080933954L, 1489230053L, 395945980L, 557442621L, 
265022370L, -1615351370L, 1474383260L, 1251888407L, -1191814045L, 
1300451559L, 842667879L, -112624073L, 1555659886L, 1556026692L, 
-168836316L, 752929482L, 1681867181L, -1779236102L, -1333585217L, 
-142890269L, -167966305L, 1317763681L, 1713238336L, -637525906L, 
-13830355L, -2041628645L, -1205484402L, 1409075244L, 1863971483L, 
-629416710L, -1264515888L, -1889504130L, 1378081679L, -1611952879L, 
-2030218936L, 7559654L, -1075831853L, 1659042778L, -231777410L, 
1151165372L, -1950019978L, 2077871029L, 1733955350L, -33173589L, 
-701786424L, -586592577L, -1743218614L, 1765589157L, 1242877212L, 
44645247L, -2087015587L, 1701600778L, -395113553L, -2016816500L, 
-1080580433L, 1251341471L, 991171493L, -1356664594L, -881081563L, 
1262396303L, 1782604811L, 1185591030L, 1922344584L, 1298466233L, 
1750792689L, 1397018799L, -1667950151L, 679874126L, -2117203585L, 
-1312235691L, 1173294504L, 767254437L, 986549183L, 1283966L, 
-658194992L, -168942790L, -1469414619L, -645383451L, 505915216L, 
2046968243L, -808540890L, -1185437786L, 378283730L, 1796592071L, 
211823760L, -793090916L, -159390661L, -710462758L, -1437720861L, 
904611646L, -518622221L, -325971193L, -473526127L, -969520539L, 
1431472452L, -715381021L, 1021353167L, 572044861L, 1982976596L, 
1174465848L, -1655586460L, 437003737L, 1550853831L, 309807506L, 
1930489386L, -305319690L, -751119207L, 499926705L, 957967607L, 
-612591427L, -212087918L, 263606334L, -1340237289L, -899079211L, 
-1829817642L, -1747495721L, 1910110555L, 1060385353L, -1696508290L, 
-1594140533L, 586561100L, 703653398L, -1302853298L, 74131740L, 
784595236L, 1594384528L, 1830310957L, 206875898L, -1720410709L, 
-2072414183L, -1246619741L, -1470673209L, 427122594L, 1393770275L, 
-686735737L, 4452317L, 1927431973L, 1964960104L, 1569960514L, 
-1345684737L, -1349521954L, 1322556703L, 1845995637L, -171045706L, 
1365722972L, -746799010L, 1547290113L, -1068148800L, -778215520L, 
90714483L, -832550713L, 1434671176L, -609565529L, -1009162021L, 
853254672L, 1789105195L, 1515684162L, 2099410421L, -596614274L, 
-388216427L, -1736111812L, -1009177613L, 1417192174L, 1636526996L, 
-888139388L, 1748773880L, 643746351L, 1806063143L, 461089570L, 
-1581200624L, 992238386L, 61706654L, -1928554473L, 277115189L, 
-102636887L, -330276575L, 316774446L, 289302017L, 666263837L, 
-1856026409L, 1763098044L, -4986753L, -837567422L, 1452446796L, 
2021359848L, -1730200296L, -281256373L, -403616860L, -1432593687L, 
809967370L, -1374321081L, 456476528L, 42656931L, 610054701L, 
492534806L, 261030340L, -198834202L, 1191554404L, -1146180913L, 
1844051596L, -216810944L, -2100016029L, -914618346L, -607425499L, 
87323696L, 1492054879L, 2146510437L, -1121389103L, 1375439870L, 
613359664L, -1244734016L, -1532615687L, -2045071489L, 338382546L, 
-727209984L, 955586901L, 1615145858L, -2093076142L, 1080332199L, 
-1887754022L, 157519033L, 1823692111L, -1040857743L, -1060653516L, 
85740498L, 1244152366L, 410919549L, 441811022L, 769998793L, 2140915890L, 
-1360874857L, -774346345L, 286144641L, 220382723L, -712671708L, 
-30191550L, -1035609093L, 850563156L, -1560248449L, -730298366L, 
-1331266717L, 1608772986L, 920894990L, -888523316L, 1641064169L, 
-1073099404L, 865438906L, 751316360L, -85217267L, 1255061651L, 
-625029400L, 1622129722L, 1104483145L, 1397554828L, -897789833L, 
2119974905L, 1926124557L, 930087259L, 930897158L, 1002738403L, 
-1204226236L, -1579055577L, 931285324L, 146642994L, -421768203L, 
1073783759L, 1569926901L, -574395045L, -1503518302L, -823470004L, 
382318264L, 82171410L, -91642840L, -1704391308L, -1206552755L, 
1588899453L, -369544756L, -550067178L, 1795071588L, -363228357L, 
914256479L, -1872252458L, -195270792L, 758045615L, 1409948259L, 
-1371755984L, -1308167282L, -285692448L, -1954493075L, -1954600367L, 
1007614404L, 773191051L, 351635748L, 133266211L, -1509131815L, 
65233825L, -734573989L, 313791614L, -56984837L, -1070479004L, 
-1556111702L, 150001889L, 378498551L, 1873480651L, 1513482254L, 
-163354326L, 653658654L, 291509399L, 2145902804L, 533217928L, 
82415560L, -251290744L, -2064100556L, 509752193L, -353093016L, 
-1615809739L, -301066910L, 425484921L, 1008892984L, -1636343363L, 
-1734138342L, -1210606885L, 1408019095L, 199703336L, 1247257644L, 
-1644868464L, -1238033186L, 1982637308L, -97213121L, 1056722957L, 
-583160768L, -555138002L, -170561464L, -1567885670L, 1914834033L, 
164194252L, -827053391L, -162839525L, -1631752253L, 981867732L, 
1358027519L, -503297847L, 1988848785L, -1302225322L, 361959867L, 
-1826022426L, 1561173005L, 2120175629L, -1677200426L, -1251899944L, 
1083876266L, 962610046L, 1206735634L, 1441615350L, -1473051587L, 
1427552146L, 984376371L, 785321131L, -1644722154L, 2121531875L, 
143767964L, 758998619L, -1171675212L, -1536236987L, -996164418L, 
-29344390L, -553510824L, 1014875729L, 294752781L, -988796029L, 
-496114167L, -1180631171L, -50073141L, 1873195521L, 816298446L, 
-1254518229L, 760800239L, -1712963291L, -2111191057L, 801454815L, 
-1661359465L, 748227596L, 123631165L, 1915820644L, -203896195L, 
-729009168L, -559559239L, 1482497096L, -807144157L, 182959641L, 
-130214741L, 1032868762L, -1476672009L, 180000387L, -378333205L, 
-966786937L, -825275095L, -764758975L, -1847909525L, 1083424240L, 
1642491579L, 1282713456L, 181649229L, -1148771664L, -82888917L, 
-1492078595L, 1819604676L, 1098333976L, -1999752537L, 757058895L, 
1876907711L, 55513212L, 1654522734L, -1450098722L, -1652074649L, 
1809559109L, -638506941L, 637139984L, 1929070379L, -98179018L, 
-1025352386L, 1071393749L, 836381707L, 790211286L, -966620721L, 
-649843099L, 647767068L, -1718072519L, 1536791076L, 1657690914L, 
-2035740131L, 1760745596L, 56131813L, 394727284L, 1739209980L, 
-1060906830L, -1512153222L, -1342220880L, 881577150L, -785336145L, 
145806797L, -1786538998L, 967606798L, -885928622L, -1116524701L, 
-1477295755L, 1394831236L, -1365553865L, -1427932724L, -937617424L, 
-468039751L, -567778098L, -573201972L, -357552581L, 382967198L, 
-1945149677L, 365506595L, -2141142648L, 1392580093L, 617460865L, 
-718594588L, -1515812453L, -2144621291L, 647913438L, 272969560L, 
-879153439L, 1589402637L, -1193268752L, -955186210L, 361487417L, 
-653032543L, -1316500409L, 878235689L, -1230502258L, -1931437799L, 
-1781728907L, 1234127054L, 938034880L, 174870501L, -1292914275L, 
448640784L, -1191283916L, -327291637L, -1890695544L, -989486590L, 
-654900041L, -908491225L, 1169596945L, 424939040L, 460738614L, 
-1814000767L, 1983341606L, 1198481420L, 372169619L, -1683081339L, 
-206039303L, -1040397353L, 1617150583L, -1019276128L, -1183954716L, 
-1479978825L, 476692710L, 208063673L, 535455192L, -214068195L, 
-1121903918L, -1932693703L, 588600868L, 948306687L, -1130547091L, 
668572699L, 171077652L, -1014928038L, 1998932426L, 1245982523L, 
2041107828L, -891905528L, -1866465431L, -1460894748L, -1095086006L, 
-1433935872L, -2027982876L, -283799136L, 1093387446L, 1238547018L, 
